{
  "asset": {
    "version": "2.0",
    "generator": "THREE.GLTFExporter"
  },
  "scenes": [
    {
      "nodes": [
        0
      ]
    }
  ],
  "scene": 0,
  "nodes": [
    {
      "children": [
        292
      ],
      "matrix": [
        0.01,
        0,
        0,
        0,
        0,
        0.01,
        0,
        0,
        0,
        0,
        0.01,
        0,
        0,
        0,
        0,
        1
      ]
    },
    {
      "matrix": [
        0.6378101595799173,
        0.2739417031062575,
        -0.025319546936258444,
        0,
        -0.2745923870912005,
        0.6378269454328842,
        -0.016209393957798586,
        0,
        0.016856960264810587,
        0.024893107483138853,
        0.6939618951438421,
        0,
        -112.52986489555681,
        -157.4797680864183,
        109.5797340416765,
        1
      ],
      "name": "Cylinder 5",
      "mesh": 0
    },
    {
      "matrix": [
        0.9981628492172281,
        0.060491761805769144,
        0.00341660594440711,
        0,
        -0.06049176180576913,
        0.991808881819002,
        0.11249839420442725,
        0,
        0.0034166059444071645,
        -0.11249839420442725,
        0.9936460326017739,
        0,
        -44.07804721983746,
        -39.938495838498056,
        54.37578603405541,
        1
      ],
      "name": "Cylinder 3",
      "mesh": 1
    },
    {
      "matrix": [
        -0.7660444431189944,
        4.374590104131642e-17,
        0.6427876096865527,
        0,
        9.381338752702731e-17,
        1,
        4.374590104131549e-17,
        0,
        -0.6427876096865527,
        9.381338752702924e-17,
        -0.7660444431189944,
        0,
        15.516011230857478,
        -325.52722167968756,
        56.47741409384064,
        1
      ],
      "name": "Cube 2",
      "mesh": 2
    },
    {
      "matrix": [
        -0.7766416929401403,
        1.7000290064572966e-16,
        -0.6299426011845072,
        0,
        -0.06059134983600452,
        0.9953634250000262,
        0.07470167666971299,
        0,
        0.6270218250684371,
        0.09618550915920608,
        -0.7730407354827171,
        0,
        -42.672125902204456,
        -329.5839814933605,
        149.32750117030488,
        1
      ],
      "name": "Cube 6",
      "mesh": 3
    },
    {
      "matrix": [
        0.9861782644528735,
        1.3877787807814506e-16,
        0.16568775066590005,
        0,
        0.04862646588267259,
        0.9559644264562143,
        -0.2894261255761042,
        0,
        -0.1583915955361476,
        0.2934825639628944,
        0.9427513389612772,
        0,
        54.37281143178256,
        -333.3700475276039,
        -110.28718623824,
        1
      ],
      "name": "Cube 5",
      "mesh": 4
    },
    {
      "matrix": [
        -0.233284226303686,
        2.415503868779911e-16,
        -0.9724085919807043,
        0,
        2.8569078103437505e-17,
        1,
        2.4155038687799045e-16,
        0,
        0.9724085919807043,
        2.856907810343758e-17,
        -0.233284226303686,
        0,
        -54.22712971405965,
        -331.48296365763616,
        26.031758737310167,
        1
      ],
      "name": "Cube 3",
      "mesh": 5
    },
    {
      "matrix": [
        -0.9999350491673182,
        1.210689185936892e-16,
        0.011397256106975782,
        0,
        1.2245672573179983e-16,
        1,
        1.2106891859368828e-16,
        0,
        -0.011397256106975782,
        1.2245672573180077e-16,
        -0.9999350491673182,
        0,
        -37.11163481460565,
        -325.5272216796875,
        68.06359547457602,
        1
      ],
      "name": "Cube 4",
      "mesh": 6
    },
    {
      "matrix": [
        1,
        0,
        0,
        0,
        0,
        1,
        0,
        0,
        0,
        0,
        1,
        0,
        -36.01725099244103,
        -325.5272216796875,
        -27.19809115825622,
        1
      ],
      "name": "Cube",
      "mesh": 7
    },
    {
      "matrix": [
        -0.018135846235601424,
        8.046717727074972e-18,
        -0.041222516555625296,
        0,
        -2.7938040693060777e-19,
        0.04510070037388259,
        1.0578843205082345e-17,
        0,
        0.04128946993298252,
        7.954672965068554e-18,
        -0.018165302374094708,
        0,
        -202.72687197997635,
        -58.19894205916613,
        201.87681172145054,
        1.0000000000000002
      ],
      "name": "Group 25",
      "children": [
        1,
        2,
        3,
        4,
        5,
        6,
        7,
        8
      ]
    },
    {
      "matrix": [
        0.6378101595799173,
        0.2739417031062575,
        -0.025319546936258444,
        0,
        -0.2745923870912005,
        0.6378269454328842,
        -0.016209393957798586,
        0,
        0.016856960264810587,
        0.024893107483138853,
        0.6939618951438421,
        0,
        -112.52986489555681,
        -157.4797680864183,
        109.5797340416765,
        1
      ],
      "name": "Cylinder 5",
      "mesh": 8
    },
    {
      "matrix": [
        0.9981628492172281,
        0.060491761805769144,
        0.00341660594440711,
        0,
        -0.06049176180576913,
        0.991808881819002,
        0.11249839420442725,
        0,
        0.0034166059444071645,
        -0.11249839420442725,
        0.9936460326017739,
        0,
        -44.07804721983746,
        -39.938495838498056,
        54.37578603405541,
        1
      ],
      "name": "Cylinder 3",
      "mesh": 9
    },
    {
      "matrix": [
        -0.7660444431189944,
        4.374590104131642e-17,
        0.6427876096865527,
        0,
        9.381338752702731e-17,
        1,
        4.374590104131549e-17,
        0,
        -0.6427876096865527,
        9.381338752702924e-17,
        -0.7660444431189944,
        0,
        15.516011230857478,
        -325.52722167968756,
        56.47741409384064,
        1
      ],
      "name": "Cube 2",
      "mesh": 10
    },
    {
      "matrix": [
        -0.7766416929401403,
        1.7000290064572966e-16,
        -0.6299426011845072,
        0,
        -0.06059134983600452,
        0.9953634250000262,
        0.07470167666971299,
        0,
        0.6270218250684371,
        0.09618550915920608,
        -0.7730407354827171,
        0,
        -42.672125902204456,
        -329.5839814933605,
        149.32750117030488,
        1
      ],
      "name": "Cube 6",
      "mesh": 11
    },
    {
      "matrix": [
        0.9861782644528735,
        1.3877787807814506e-16,
        0.16568775066590005,
        0,
        0.04862646588267259,
        0.9559644264562143,
        -0.2894261255761042,
        0,
        -0.1583915955361476,
        0.2934825639628944,
        0.9427513389612772,
        0,
        54.37281143178256,
        -333.3700475276039,
        -110.28718623824,
        1
      ],
      "name": "Cube 5",
      "mesh": 12
    },
    {
      "matrix": [
        -0.233284226303686,
        2.415503868779911e-16,
        -0.9724085919807043,
        0,
        2.8569078103437505e-17,
        1,
        2.4155038687799045e-16,
        0,
        0.9724085919807043,
        2.856907810343758e-17,
        -0.233284226303686,
        0,
        -54.22712971405965,
        -331.48296365763616,
        26.031758737310167,
        1
      ],
      "name": "Cube 3",
      "mesh": 13
    },
    {
      "matrix": [
        -0.9999350491673182,
        1.210689185936892e-16,
        0.011397256106975782,
        0,
        1.2245672573179983e-16,
        1,
        1.2106891859368828e-16,
        0,
        -0.011397256106975782,
        1.2245672573180077e-16,
        -0.9999350491673182,
        0,
        -37.11163481460565,
        -325.5272216796875,
        68.06359547457602,
        1
      ],
      "name": "Cube 4",
      "mesh": 14
    },
    {
      "matrix": [
        1,
        0,
        0,
        0,
        0,
        1,
        0,
        0,
        0,
        0,
        1,
        0,
        -36.01725099244103,
        -325.5272216796875,
        -27.19809115825622,
        1
      ],
      "name": "Cube",
      "mesh": 15
    },
    {
      "matrix": [
        -0.018135846235601424,
        8.046717727074972e-18,
        -0.041222516555625296,
        0,
        -2.7938040693060777e-19,
        0.04510070037388259,
        1.0578843205082345e-17,
        0,
        0.04128946993298252,
        7.954672965068554e-18,
        -0.018165302374094708,
        0,
        -147.3807120423394,
        -58.19894205916611,
        240.03607935870124,
        1.0000000000000002
      ],
      "name": "Group 24",
      "children": [
        10,
        11,
        12,
        13,
        14,
        15,
        16,
        17
      ]
    },
    {
      "matrix": [
        0.6378101595799173,
        0.2739417031062575,
        -0.025319546936258444,
        0,
        -0.2745923870912005,
        0.6378269454328842,
        -0.016209393957798586,
        0,
        0.016856960264810587,
        0.024893107483138853,
        0.6939618951438421,
        0,
        -112.52986489555681,
        -157.4797680864183,
        109.5797340416765,
        1
      ],
      "name": "Cylinder 5",
      "mesh": 16
    },
    {
      "matrix": [
        0.9981628492172281,
        0.060491761805769144,
        0.00341660594440711,
        0,
        -0.06049176180576913,
        0.991808881819002,
        0.11249839420442725,
        0,
        0.0034166059444071645,
        -0.11249839420442725,
        0.9936460326017739,
        0,
        -44.07804721983746,
        -39.938495838498056,
        54.37578603405541,
        1
      ],
      "name": "Cylinder 3",
      "mesh": 17
    },
    {
      "matrix": [
        -0.7660444431189944,
        4.374590104131642e-17,
        0.6427876096865527,
        0,
        9.381338752702731e-17,
        1,
        4.374590104131549e-17,
        0,
        -0.6427876096865527,
        9.381338752702924e-17,
        -0.7660444431189944,
        0,
        15.516011230857478,
        -325.52722167968756,
        56.47741409384064,
        1
      ],
      "name": "Cube 2",
      "mesh": 18
    },
    {
      "matrix": [
        -0.7766416929401403,
        1.7000290064572966e-16,
        -0.6299426011845072,
        0,
        -0.06059134983600452,
        0.9953634250000262,
        0.07470167666971299,
        0,
        0.6270218250684371,
        0.09618550915920608,
        -0.7730407354827171,
        0,
        -42.672125902204456,
        -329.5839814933605,
        149.32750117030488,
        1
      ],
      "name": "Cube 6",
      "mesh": 19
    },
    {
      "matrix": [
        0.9861782644528735,
        1.3877787807814506e-16,
        0.16568775066590005,
        0,
        0.04862646588267259,
        0.9559644264562143,
        -0.2894261255761042,
        0,
        -0.1583915955361476,
        0.2934825639628944,
        0.9427513389612772,
        0,
        54.37281143178256,
        -333.3700475276039,
        -110.28718623824,
        1
      ],
      "name": "Cube 5",
      "mesh": 20
    },
    {
      "matrix": [
        -0.233284226303686,
        2.415503868779911e-16,
        -0.9724085919807043,
        0,
        2.8569078103437505e-17,
        1,
        2.4155038687799045e-16,
        0,
        0.9724085919807043,
        2.856907810343758e-17,
        -0.233284226303686,
        0,
        -54.22712971405965,
        -331.48296365763616,
        26.031758737310167,
        1
      ],
      "name": "Cube 3",
      "mesh": 21
    },
    {
      "matrix": [
        -0.9999350491673182,
        1.210689185936892e-16,
        0.011397256106975782,
        0,
        1.2245672573179983e-16,
        1,
        1.2106891859368828e-16,
        0,
        -0.011397256106975782,
        1.2245672573180077e-16,
        -0.9999350491673182,
        0,
        -37.11163481460565,
        -325.5272216796875,
        68.06359547457602,
        1
      ],
      "name": "Cube 4",
      "mesh": 22
    },
    {
      "matrix": [
        1,
        0,
        0,
        0,
        0,
        1,
        0,
        0,
        0,
        0,
        1,
        0,
        -36.01725099244103,
        -325.5272216796875,
        -27.19809115825622,
        1
      ],
      "name": "Cube",
      "mesh": 23
    },
    {
      "matrix": [
        -0.018135846235601424,
        8.046717727074972e-18,
        -0.041222516555625296,
        0,
        -2.7938040693060777e-19,
        0.04510070037388259,
        1.0578843205082345e-17,
        0,
        0.04128946993298252,
        7.954672965068554e-18,
        -0.018165302374094708,
        0,
        -158.01589866493575,
        -58.19894205916618,
        268.7450622161042,
        1.0000000000000002
      ],
      "name": "Group 23",
      "children": [
        19,
        20,
        21,
        22,
        23,
        24,
        25,
        26
      ]
    },
    {
      "matrix": [
        0.6378101595799173,
        0.2739417031062575,
        -0.025319546936258444,
        0,
        -0.2745923870912005,
        0.6378269454328842,
        -0.016209393957798586,
        0,
        0.016856960264810587,
        0.024893107483138853,
        0.6939618951438421,
        0,
        -112.52986489555681,
        -157.4797680864183,
        109.5797340416765,
        1
      ],
      "name": "Cylinder 5",
      "mesh": 24
    },
    {
      "matrix": [
        0.9981628492172281,
        0.060491761805769144,
        0.00341660594440711,
        0,
        -0.06049176180576913,
        0.991808881819002,
        0.11249839420442725,
        0,
        0.0034166059444071645,
        -0.11249839420442725,
        0.9936460326017739,
        0,
        -44.07804721983746,
        -39.938495838498056,
        54.37578603405541,
        1
      ],
      "name": "Cylinder 3",
      "mesh": 25
    },
    {
      "matrix": [
        -0.7660444431189944,
        4.374590104131642e-17,
        0.6427876096865527,
        0,
        9.381338752702731e-17,
        1,
        4.374590104131549e-17,
        0,
        -0.6427876096865527,
        9.381338752702924e-17,
        -0.7660444431189944,
        0,
        15.516011230857478,
        -325.52722167968756,
        56.47741409384064,
        1
      ],
      "name": "Cube 2",
      "mesh": 26
    },
    {
      "matrix": [
        -0.7766416929401403,
        1.7000290064572966e-16,
        -0.6299426011845072,
        0,
        -0.06059134983600452,
        0.9953634250000262,
        0.07470167666971299,
        0,
        0.6270218250684371,
        0.09618550915920608,
        -0.7730407354827171,
        0,
        -42.672125902204456,
        -329.5839814933605,
        149.32750117030488,
        1
      ],
      "name": "Cube 6",
      "mesh": 27
    },
    {
      "matrix": [
        0.9861782644528735,
        1.3877787807814506e-16,
        0.16568775066590005,
        0,
        0.04862646588267259,
        0.9559644264562143,
        -0.2894261255761042,
        0,
        -0.1583915955361476,
        0.2934825639628944,
        0.9427513389612772,
        0,
        54.37281143178256,
        -333.3700475276039,
        -110.28718623824,
        1
      ],
      "name": "Cube 5",
      "mesh": 28
    },
    {
      "matrix": [
        -0.233284226303686,
        2.415503868779911e-16,
        -0.9724085919807043,
        0,
        2.8569078103437505e-17,
        1,
        2.4155038687799045e-16,
        0,
        0.9724085919807043,
        2.856907810343758e-17,
        -0.233284226303686,
        0,
        -54.22712971405965,
        -331.48296365763616,
        26.031758737310167,
        1
      ],
      "name": "Cube 3",
      "mesh": 29
    },
    {
      "matrix": [
        -0.9999350491673182,
        1.210689185936892e-16,
        0.011397256106975782,
        0,
        1.2245672573179983e-16,
        1,
        1.2106891859368828e-16,
        0,
        -0.011397256106975782,
        1.2245672573180077e-16,
        -0.9999350491673182,
        0,
        -37.11163481460565,
        -325.5272216796875,
        68.06359547457602,
        1
      ],
      "name": "Cube 4",
      "mesh": 30
    },
    {
      "matrix": [
        1,
        0,
        0,
        0,
        0,
        1,
        0,
        0,
        0,
        0,
        1,
        0,
        -36.01725099244103,
        -325.5272216796875,
        -27.19809115825622,
        1
      ],
      "name": "Cube",
      "mesh": 31
    },
    {
      "matrix": [
        -0.018135846235601424,
        8.046717727074972e-18,
        -0.041222516555625296,
        0,
        -2.7938040693060777e-19,
        0.04510070037388259,
        1.0578843205082345e-17,
        0,
        0.04128946993298252,
        7.954672965068554e-18,
        -0.018165302374094708,
        0,
        -225.44550860378118,
        -58.19894205916613,
        279.4199720670699,
        1.0000000000000002
      ],
      "name": "Group 22",
      "children": [
        28,
        29,
        30,
        31,
        32,
        33,
        34,
        35
      ]
    },
    {
      "matrix": [
        0.6378101595799173,
        0.2739417031062575,
        -0.025319546936258444,
        0,
        -0.2745923870912005,
        0.6378269454328842,
        -0.016209393957798586,
        0,
        0.016856960264810587,
        0.024893107483138853,
        0.6939618951438421,
        0,
        -112.52986489555681,
        -157.4797680864183,
        109.5797340416765,
        1
      ],
      "name": "Cylinder 5",
      "mesh": 32
    },
    {
      "matrix": [
        0.9981628492172281,
        0.060491761805769144,
        0.00341660594440711,
        0,
        -0.06049176180576913,
        0.991808881819002,
        0.11249839420442725,
        0,
        0.0034166059444071645,
        -0.11249839420442725,
        0.9936460326017739,
        0,
        -44.07804721983746,
        -39.938495838498056,
        54.37578603405541,
        1
      ],
      "name": "Cylinder 3",
      "mesh": 33
    },
    {
      "matrix": [
        -0.7660444431189944,
        4.374590104131642e-17,
        0.6427876096865527,
        0,
        9.381338752702731e-17,
        1,
        4.374590104131549e-17,
        0,
        -0.6427876096865527,
        9.381338752702924e-17,
        -0.7660444431189944,
        0,
        15.516011230857478,
        -325.52722167968756,
        56.47741409384064,
        1
      ],
      "name": "Cube 2",
      "mesh": 34
    },
    {
      "matrix": [
        -0.7766416929401403,
        1.7000290064572966e-16,
        -0.6299426011845072,
        0,
        -0.06059134983600452,
        0.9953634250000262,
        0.07470167666971299,
        0,
        0.6270218250684371,
        0.09618550915920608,
        -0.7730407354827171,
        0,
        -42.672125902204456,
        -329.5839814933605,
        149.32750117030488,
        1
      ],
      "name": "Cube 6",
      "mesh": 35
    },
    {
      "matrix": [
        0.9861782644528735,
        1.3877787807814506e-16,
        0.16568775066590005,
        0,
        0.04862646588267259,
        0.9559644264562143,
        -0.2894261255761042,
        0,
        -0.1583915955361476,
        0.2934825639628944,
        0.9427513389612772,
        0,
        54.37281143178256,
        -333.3700475276039,
        -110.28718623824,
        1
      ],
      "name": "Cube 5",
      "mesh": 36
    },
    {
      "matrix": [
        -0.233284226303686,
        2.415503868779911e-16,
        -0.9724085919807043,
        0,
        2.8569078103437505e-17,
        1,
        2.4155038687799045e-16,
        0,
        0.9724085919807043,
        2.856907810343758e-17,
        -0.233284226303686,
        0,
        -54.22712971405965,
        -331.48296365763616,
        26.031758737310167,
        1
      ],
      "name": "Cube 3",
      "mesh": 37
    },
    {
      "matrix": [
        -0.9999350491673182,
        1.210689185936892e-16,
        0.011397256106975782,
        0,
        1.2245672573179983e-16,
        1,
        1.2106891859368828e-16,
        0,
        -0.011397256106975782,
        1.2245672573180077e-16,
        -0.9999350491673182,
        0,
        -37.11163481460565,
        -325.5272216796875,
        68.06359547457602,
        1
      ],
      "name": "Cube 4",
      "mesh": 38
    },
    {
      "matrix": [
        1,
        0,
        0,
        0,
        0,
        1,
        0,
        0,
        0,
        0,
        1,
        0,
        -36.01725099244103,
        -325.5272216796875,
        -27.19809115825622,
        1
      ],
      "name": "Cube",
      "mesh": 39
    },
    {
      "matrix": [
        -0.018135846235601424,
        8.046717727074972e-18,
        -0.041222516555625296,
        0,
        -2.7938040693060777e-19,
        0.04510070037388259,
        1.0578843205082345e-17,
        0,
        0.04128946993298252,
        7.954672965068554e-18,
        -0.018165302374094708,
        0,
        -191.689066816286,
        -58.1989420591661,
        164.76189574151994,
        1.0000000000000002
      ],
      "name": "Group 21",
      "children": [
        37,
        38,
        39,
        40,
        41,
        42,
        43,
        44
      ]
    },
    {
      "matrix": [
        0.6378101595799173,
        0.2739417031062575,
        -0.025319546936258444,
        0,
        -0.2745923870912005,
        0.6378269454328842,
        -0.016209393957798586,
        0,
        0.016856960264810587,
        0.024893107483138853,
        0.6939618951438421,
        0,
        -112.52986489555681,
        -157.4797680864183,
        109.5797340416765,
        1
      ],
      "name": "Cylinder 5",
      "mesh": 40
    },
    {
      "matrix": [
        0.9981628492172281,
        0.060491761805769144,
        0.00341660594440711,
        0,
        -0.06049176180576913,
        0.991808881819002,
        0.11249839420442725,
        0,
        0.0034166059444071645,
        -0.11249839420442725,
        0.9936460326017739,
        0,
        -44.07804721983746,
        -39.938495838498056,
        54.37578603405541,
        1
      ],
      "name": "Cylinder 3",
      "mesh": 41
    },
    {
      "matrix": [
        -0.7660444431189944,
        4.374590104131642e-17,
        0.6427876096865527,
        0,
        9.381338752702731e-17,
        1,
        4.374590104131549e-17,
        0,
        -0.6427876096865527,
        9.381338752702924e-17,
        -0.7660444431189944,
        0,
        15.516011230857478,
        -325.52722167968756,
        56.47741409384064,
        1
      ],
      "name": "Cube 2",
      "mesh": 42
    },
    {
      "matrix": [
        -0.7766416929401403,
        1.7000290064572966e-16,
        -0.6299426011845072,
        0,
        -0.06059134983600452,
        0.9953634250000262,
        0.07470167666971299,
        0,
        0.6270218250684371,
        0.09618550915920608,
        -0.7730407354827171,
        0,
        -42.672125902204456,
        -329.5839814933605,
        149.32750117030488,
        1
      ],
      "name": "Cube 6",
      "mesh": 43
    },
    {
      "matrix": [
        0.9861782644528735,
        1.3877787807814506e-16,
        0.16568775066590005,
        0,
        0.04862646588267259,
        0.9559644264562143,
        -0.2894261255761042,
        0,
        -0.1583915955361476,
        0.2934825639628944,
        0.9427513389612772,
        0,
        54.37281143178256,
        -333.3700475276039,
        -110.28718623824,
        1
      ],
      "name": "Cube 5",
      "mesh": 44
    },
    {
      "matrix": [
        -0.233284226303686,
        2.415503868779911e-16,
        -0.9724085919807043,
        0,
        2.8569078103437505e-17,
        1,
        2.4155038687799045e-16,
        0,
        0.9724085919807043,
        2.856907810343758e-17,
        -0.233284226303686,
        0,
        -54.22712971405965,
        -331.48296365763616,
        26.031758737310167,
        1
      ],
      "name": "Cube 3",
      "mesh": 45
    },
    {
      "matrix": [
        -0.9999350491673182,
        1.210689185936892e-16,
        0.011397256106975782,
        0,
        1.2245672573179983e-16,
        1,
        1.2106891859368828e-16,
        0,
        -0.011397256106975782,
        1.2245672573180077e-16,
        -0.9999350491673182,
        0,
        -37.11163481460565,
        -325.5272216796875,
        68.06359547457602,
        1
      ],
      "name": "Cube 4",
      "mesh": 46
    },
    {
      "matrix": [
        1,
        0,
        0,
        0,
        0,
        1,
        0,
        0,
        0,
        0,
        1,
        0,
        -36.01725099244103,
        -325.5272216796875,
        -27.19809115825622,
        1
      ],
      "name": "Cube",
      "mesh": 47
    },
    {
      "matrix": [
        -0.018135846235601424,
        8.046717727074972e-18,
        -0.041222516555625296,
        0,
        -2.7938040693060777e-19,
        0.04510070037388259,
        1.0578843205082345e-17,
        0,
        0.04128946993298252,
        7.954672965068554e-18,
        -0.018165302374094708,
        0,
        -156.22634550148564,
        -58.19894205916606,
        75.62138357226817,
        1.0000000000000002
      ],
      "name": "Group 20",
      "children": [
        46,
        47,
        48,
        49,
        50,
        51,
        52,
        53
      ]
    },
    {
      "matrix": [
        0.6378101595799173,
        0.2739417031062575,
        -0.025319546936258444,
        0,
        -0.2745923870912005,
        0.6378269454328842,
        -0.016209393957798586,
        0,
        0.016856960264810587,
        0.024893107483138853,
        0.6939618951438421,
        0,
        -112.52986489555681,
        -157.4797680864183,
        109.5797340416765,
        1
      ],
      "name": "Cylinder 5",
      "mesh": 48
    },
    {
      "matrix": [
        0.9981628492172281,
        0.060491761805769144,
        0.00341660594440711,
        0,
        -0.06049176180576913,
        0.991808881819002,
        0.11249839420442725,
        0,
        0.0034166059444071645,
        -0.11249839420442725,
        0.9936460326017739,
        0,
        -44.07804721983746,
        -39.938495838498056,
        54.37578603405541,
        1
      ],
      "name": "Cylinder 3",
      "mesh": 49
    },
    {
      "matrix": [
        -0.7660444431189944,
        4.374590104131642e-17,
        0.6427876096865527,
        0,
        9.381338752702731e-17,
        1,
        4.374590104131549e-17,
        0,
        -0.6427876096865527,
        9.381338752702924e-17,
        -0.7660444431189944,
        0,
        15.516011230857478,
        -325.52722167968756,
        56.47741409384064,
        1
      ],
      "name": "Cube 2",
      "mesh": 50
    },
    {
      "matrix": [
        -0.7766416929401403,
        1.7000290064572966e-16,
        -0.6299426011845072,
        0,
        -0.06059134983600452,
        0.9953634250000262,
        0.07470167666971299,
        0,
        0.6270218250684371,
        0.09618550915920608,
        -0.7730407354827171,
        0,
        -42.672125902204456,
        -329.5839814933605,
        149.32750117030488,
        1
      ],
      "name": "Cube 6",
      "mesh": 51
    },
    {
      "matrix": [
        0.9861782644528735,
        1.3877787807814506e-16,
        0.16568775066590005,
        0,
        0.04862646588267259,
        0.9559644264562143,
        -0.2894261255761042,
        0,
        -0.1583915955361476,
        0.2934825639628944,
        0.9427513389612772,
        0,
        54.37281143178256,
        -333.3700475276039,
        -110.28718623824,
        1
      ],
      "name": "Cube 5",
      "mesh": 52
    },
    {
      "matrix": [
        -0.233284226303686,
        2.415503868779911e-16,
        -0.9724085919807043,
        0,
        2.8569078103437505e-17,
        1,
        2.4155038687799045e-16,
        0,
        0.9724085919807043,
        2.856907810343758e-17,
        -0.233284226303686,
        0,
        -54.22712971405965,
        -331.48296365763616,
        26.031758737310167,
        1
      ],
      "name": "Cube 3",
      "mesh": 53
    },
    {
      "matrix": [
        -0.9999350491673182,
        1.210689185936892e-16,
        0.011397256106975782,
        0,
        1.2245672573179983e-16,
        1,
        1.2106891859368828e-16,
        0,
        -0.011397256106975782,
        1.2245672573180077e-16,
        -0.9999350491673182,
        0,
        -37.11163481460565,
        -325.5272216796875,
        68.06359547457602,
        1
      ],
      "name": "Cube 4",
      "mesh": 54
    },
    {
      "matrix": [
        1,
        0,
        0,
        0,
        0,
        1,
        0,
        0,
        0,
        0,
        1,
        0,
        -36.01725099244103,
        -325.5272216796875,
        -27.19809115825622,
        1
      ],
      "name": "Cube",
      "mesh": 55
    },
    {
      "matrix": [
        -0.018135846235601424,
        8.046717727074972e-18,
        -0.041222516555625296,
        0,
        -2.7938040693060777e-19,
        0.04510070037388259,
        1.0578843205082345e-17,
        0,
        0.04128946993298252,
        7.954672965068554e-18,
        -0.018165302374094708,
        0,
        -165.27913581022747,
        -58.198942059166065,
        59.093225072999,
        1.0000000000000002
      ],
      "name": "Group 19",
      "children": [
        55,
        56,
        57,
        58,
        59,
        60,
        61,
        62
      ]
    },
    {
      "matrix": [
        0.6378101595799173,
        0.2739417031062575,
        -0.025319546936258444,
        0,
        -0.2745923870912005,
        0.6378269454328842,
        -0.016209393957798586,
        0,
        0.016856960264810587,
        0.024893107483138853,
        0.6939618951438421,
        0,
        -112.52986489555681,
        -157.4797680864183,
        109.5797340416765,
        1
      ],
      "name": "Cylinder 5",
      "mesh": 56
    },
    {
      "matrix": [
        0.9981628492172281,
        0.060491761805769144,
        0.00341660594440711,
        0,
        -0.06049176180576913,
        0.991808881819002,
        0.11249839420442725,
        0,
        0.0034166059444071645,
        -0.11249839420442725,
        0.9936460326017739,
        0,
        -44.07804721983746,
        -39.938495838498056,
        54.37578603405541,
        1
      ],
      "name": "Cylinder 3",
      "mesh": 57
    },
    {
      "matrix": [
        -0.7660444431189944,
        4.374590104131642e-17,
        0.6427876096865527,
        0,
        9.381338752702731e-17,
        1,
        4.374590104131549e-17,
        0,
        -0.6427876096865527,
        9.381338752702924e-17,
        -0.7660444431189944,
        0,
        15.516011230857478,
        -325.52722167968756,
        56.47741409384064,
        1
      ],
      "name": "Cube 2",
      "mesh": 58
    },
    {
      "matrix": [
        -0.7766416929401403,
        1.7000290064572966e-16,
        -0.6299426011845072,
        0,
        -0.06059134983600452,
        0.9953634250000262,
        0.07470167666971299,
        0,
        0.6270218250684371,
        0.09618550915920608,
        -0.7730407354827171,
        0,
        -42.672125902204456,
        -329.5839814933605,
        149.32750117030488,
        1
      ],
      "name": "Cube 6",
      "mesh": 59
    },
    {
      "matrix": [
        0.9861782644528735,
        1.3877787807814506e-16,
        0.16568775066590005,
        0,
        0.04862646588267259,
        0.9559644264562143,
        -0.2894261255761042,
        0,
        -0.1583915955361476,
        0.2934825639628944,
        0.9427513389612772,
        0,
        54.37281143178256,
        -333.3700475276039,
        -110.28718623824,
        1
      ],
      "name": "Cube 5",
      "mesh": 60
    },
    {
      "matrix": [
        -0.233284226303686,
        2.415503868779911e-16,
        -0.9724085919807043,
        0,
        2.8569078103437505e-17,
        1,
        2.4155038687799045e-16,
        0,
        0.9724085919807043,
        2.856907810343758e-17,
        -0.233284226303686,
        0,
        -54.22712971405965,
        -331.48296365763616,
        26.031758737310167,
        1
      ],
      "name": "Cube 3",
      "mesh": 61
    },
    {
      "matrix": [
        -0.9999350491673182,
        1.210689185936892e-16,
        0.011397256106975782,
        0,
        1.2245672573179983e-16,
        1,
        1.2106891859368828e-16,
        0,
        -0.011397256106975782,
        1.2245672573180077e-16,
        -0.9999350491673182,
        0,
        -37.11163481460565,
        -325.5272216796875,
        68.06359547457602,
        1
      ],
      "name": "Cube 4",
      "mesh": 62
    },
    {
      "matrix": [
        1,
        0,
        0,
        0,
        0,
        1,
        0,
        0,
        0,
        0,
        1,
        0,
        -36.01725099244103,
        -325.5272216796875,
        -27.19809115825622,
        1
      ],
      "name": "Cube",
      "mesh": 63
    },
    {
      "matrix": [
        -0.018135846235601424,
        8.046717727074972e-18,
        -0.041222516555625296,
        0,
        -2.7938040693060777e-19,
        0.04510070037388259,
        1.0578843205082345e-17,
        0,
        0.04128946993298252,
        7.954672965068554e-18,
        -0.018165302374094708,
        0,
        -617.4871719950096,
        -107.65461024248631,
        -30.2577230023286,
        1.0000000000000002
      ],
      "name": "Group 68",
      "children": [
        64,
        65,
        66,
        67,
        68,
        69,
        70,
        71
      ]
    },
    {
      "matrix": [
        0.6378101595799173,
        0.2739417031062575,
        -0.025319546936258444,
        0,
        -0.2745923870912005,
        0.6378269454328842,
        -0.016209393957798586,
        0,
        0.016856960264810587,
        0.024893107483138853,
        0.6939618951438421,
        0,
        -112.52986489555681,
        -157.4797680864183,
        109.5797340416765,
        1
      ],
      "name": "Cylinder 5",
      "mesh": 56
    },
    {
      "matrix": [
        0.9981628492172281,
        0.060491761805769144,
        0.00341660594440711,
        0,
        -0.06049176180576913,
        0.991808881819002,
        0.11249839420442725,
        0,
        0.0034166059444071645,
        -0.11249839420442725,
        0.9936460326017739,
        0,
        -44.07804721983746,
        -39.938495838498056,
        54.37578603405541,
        1
      ],
      "name": "Cylinder 3",
      "mesh": 57
    },
    {
      "matrix": [
        -0.7660444431189944,
        4.374590104131642e-17,
        0.6427876096865527,
        0,
        9.381338752702731e-17,
        1,
        4.374590104131549e-17,
        0,
        -0.6427876096865527,
        9.381338752702924e-17,
        -0.7660444431189944,
        0,
        15.516011230857478,
        -325.52722167968756,
        56.47741409384064,
        1
      ],
      "name": "Cube 2",
      "mesh": 58
    },
    {
      "matrix": [
        -0.7766416929401403,
        1.7000290064572966e-16,
        -0.6299426011845072,
        0,
        -0.06059134983600452,
        0.9953634250000262,
        0.07470167666971299,
        0,
        0.6270218250684371,
        0.09618550915920608,
        -0.7730407354827171,
        0,
        -42.672125902204456,
        -329.5839814933605,
        149.32750117030488,
        1
      ],
      "name": "Cube 6",
      "mesh": 59
    },
    {
      "matrix": [
        0.9861782644528735,
        1.3877787807814506e-16,
        0.16568775066590005,
        0,
        0.04862646588267259,
        0.9559644264562143,
        -0.2894261255761042,
        0,
        -0.1583915955361476,
        0.2934825639628944,
        0.9427513389612772,
        0,
        54.37281143178256,
        -333.3700475276039,
        -110.28718623824,
        1
      ],
      "name": "Cube 5",
      "mesh": 60
    },
    {
      "matrix": [
        -0.233284226303686,
        2.415503868779911e-16,
        -0.9724085919807043,
        0,
        2.8569078103437505e-17,
        1,
        2.4155038687799045e-16,
        0,
        0.9724085919807043,
        2.856907810343758e-17,
        -0.233284226303686,
        0,
        -54.22712971405965,
        -331.48296365763616,
        26.031758737310167,
        1
      ],
      "name": "Cube 3",
      "mesh": 61
    },
    {
      "matrix": [
        -0.9999350491673182,
        1.210689185936892e-16,
        0.011397256106975782,
        0,
        1.2245672573179983e-16,
        1,
        1.2106891859368828e-16,
        0,
        -0.011397256106975782,
        1.2245672573180077e-16,
        -0.9999350491673182,
        0,
        -37.11163481460565,
        -325.5272216796875,
        68.06359547457602,
        1
      ],
      "name": "Cube 4",
      "mesh": 62
    },
    {
      "matrix": [
        1,
        0,
        0,
        0,
        0,
        1,
        0,
        0,
        0,
        0,
        1,
        0,
        -36.01725099244103,
        -325.5272216796875,
        -27.19809115825622,
        1
      ],
      "name": "Cube",
      "mesh": 63
    },
    {
      "matrix": [
        -0.018135846235601424,
        8.046717727074972e-18,
        -0.041222516555625296,
        0,
        -2.7938040693060777e-19,
        0.04510070037388259,
        1.0578843205082345e-17,
        0,
        0.04128946993298252,
        7.954672965068554e-18,
        -0.018165302374094708,
        0,
        -922.6018502359049,
        -107.65461024248644,
        466.69975785064133,
        1.0000000000000002
      ],
      "name": "Group 70",
      "children": [
        73,
        74,
        75,
        76,
        77,
        78,
        79,
        80
      ]
    },
    {
      "matrix": [
        0.6378101595799173,
        0.2739417031062575,
        -0.025319546936258444,
        0,
        -0.2745923870912005,
        0.6378269454328842,
        -0.016209393957798586,
        0,
        0.016856960264810587,
        0.024893107483138853,
        0.6939618951438421,
        0,
        -112.52986489555681,
        -157.4797680864183,
        109.5797340416765,
        1
      ],
      "name": "Cylinder 5",
      "mesh": 56
    },
    {
      "matrix": [
        0.9981628492172281,
        0.060491761805769144,
        0.00341660594440711,
        0,
        -0.06049176180576913,
        0.991808881819002,
        0.11249839420442725,
        0,
        0.0034166059444071645,
        -0.11249839420442725,
        0.9936460326017739,
        0,
        -44.07804721983746,
        -39.938495838498056,
        54.37578603405541,
        1
      ],
      "name": "Cylinder 3",
      "mesh": 57
    },
    {
      "matrix": [
        -0.7660444431189944,
        4.374590104131642e-17,
        0.6427876096865527,
        0,
        9.381338752702731e-17,
        1,
        4.374590104131549e-17,
        0,
        -0.6427876096865527,
        9.381338752702924e-17,
        -0.7660444431189944,
        0,
        15.516011230857478,
        -325.52722167968756,
        56.47741409384064,
        1
      ],
      "name": "Cube 2",
      "mesh": 58
    },
    {
      "matrix": [
        -0.7766416929401403,
        1.7000290064572966e-16,
        -0.6299426011845072,
        0,
        -0.06059134983600452,
        0.9953634250000262,
        0.07470167666971299,
        0,
        0.6270218250684371,
        0.09618550915920608,
        -0.7730407354827171,
        0,
        -42.672125902204456,
        -329.5839814933605,
        149.32750117030488,
        1
      ],
      "name": "Cube 6",
      "mesh": 59
    },
    {
      "matrix": [
        0.9861782644528735,
